gen	nevals	avg     	std       	min     	max
0  	20    	0.502734	0.00933422	0.484375	0.523438
1  	14    	0.504687	0.00904362	0.492188	0.515625
2  	16    	0.507812	0.00890762	0.492188	0.515625
3  	15    	0.510547	0.00933422	0.492188	0.515625
4  	15    	0.512109	0.00836886	0.492188	0.515625
5  	15    	0.510938	0.009375  	0.492188	0.515625
6  	8     	0.512109	0.00836886	0.492188	0.515625
7  	11    	0.514453	0.00510808	0.492188	0.515625
8  	15    	0.508594	0.0107404 	0.492188	0.515625
9  	11    	0.512109	0.00836886	0.492188	0.515625
10 	8     	0.510938	0.009375  	0.492188	0.515625
11 	15    	0.510938	0.009375  	0.492188	0.515625
12 	9     	0.513281	0.00703125	0.492188	0.515625
13 	14    	0.508594	0.0107404 	0.492188	0.515625
14 	12    	0.508594	0.0107404 	0.492188	0.515625
15 	11    	0.513281	0.00703125	0.492188	0.515625
16 	10    	0.510938	0.009375  	0.492188	0.515625
17 	6     	0.510938	0.009375  	0.492188	0.515625
18 	11    	0.512109	0.00836886	0.492188	0.515625
19 	11    	0.510938	0.009375  	0.492188	0.515625
20 	11    	0.510938	0.009375  	0.492188	0.515625
21 	12    	0.512109	0.00836886	0.492188	0.515625
22 	13    	0.510938	0.009375  	0.492188	0.515625
23 	15    	0.512109	0.00836886	0.492188	0.515625
24 	8     	0.509766	0.0101487 	0.492188	0.515625
25 	13    	0.513281	0.00703125	0.492188	0.515625
26 	13    	0.510938	0.009375  	0.492188	0.515625
27 	11    	0.512109	0.00836886	0.492188	0.515625
28 	13    	0.508594	0.0107404 	0.492188	0.515625
29 	13    	0.510938	0.009375  	0.492188	0.515625
30 	17    	0.509766	0.0101487 	0.492188	0.515625
31 	16    	0.512109	0.00836886	0.492188	0.515625
32 	13    	0.510938	0.009375  	0.492188	0.515625
33 	8     	0.510938	0.009375  	0.492188	0.515625
34 	11    	0.513281	0.00703125	0.492188	0.515625
35 	14    	0.510938	0.009375  	0.492188	0.515625
36 	11    	0.510938	0.009375  	0.492188	0.515625
37 	9     	0.508594	0.0107404 	0.492188	0.515625
38 	18    	0.510938	0.009375  	0.492188	0.515625
39 	9     	0.509766	0.0101487 	0.492188	0.515625
40 	16    	0.513281	0.00703125	0.492188	0.515625
41 	18    	0.505078	0.01166   	0.492188	0.515625
42 	11    	0.508594	0.0107404 	0.492188	0.515625
43 	13    	0.509766	0.0101487 	0.492188	0.515625
44 	15    	0.513281	0.00703125	0.492188	0.515625
45 	13    	0.507422	0.011179  	0.492188	0.515625
46 	19    	0.513281	0.00703125	0.492188	0.515625
47 	15    	0.512109	0.00836886	0.492188	0.515625
48 	12    	0.510938	0.009375  	0.492188	0.515625
49 	10    	0.509766	0.0101487 	0.492188	0.515625
50 	9     	0.513281	0.00703125	0.492188	0.515625
51 	12    	0.508594	0.0107404 	0.492188	0.515625
52 	11    	0.510938	0.009375  	0.492188	0.515625
53 	10    	0.510938	0.009375  	0.492188	0.515625
54 	14    	0.514453	0.00510808	0.492188	0.515625
55 	19    	0.513281	0.00703125	0.492188	0.515625
56 	10    	0.509766	0.0101487 	0.492188	0.515625
57 	10    	0.508594	0.0107404 	0.492188	0.515625
58 	14    	0.507422	0.011179  	0.492188	0.515625
59 	7     	0.513281	0.00703125	0.492188	0.515625
60 	12    	0.513281	0.00703125	0.492188	0.515625
61 	12    	0.509766	0.0101487 	0.492188	0.515625
62 	16    	0.508594	0.0107404 	0.492188	0.515625
63 	12    	0.508594	0.0107404 	0.492188	0.515625
64 	12    	0.513281	0.00703125	0.492188	0.515625
65 	14    	0.512109	0.00836886	0.492188	0.515625
66 	12    	0.507422	0.011179  	0.492188	0.515625
67 	16    	0.508594	0.0107404 	0.492188	0.515625
68 	12    	0.507422	0.011179  	0.492188	0.515625
69 	15    	0.508594	0.0107404 	0.492188	0.515625
70 	10    	0.510938	0.009375  	0.492188	0.515625
71 	12    	0.513281	0.00703125	0.492188	0.515625
72 	12    	0.512109	0.00836886	0.492188	0.515625
73 	15    	0.509766	0.0101487 	0.492188	0.515625
74 	10    	0.510938	0.009375  	0.492188	0.515625
75 	18    	0.507422	0.011179  	0.492188	0.515625
76 	14    	0.512109	0.00836886	0.492188	0.515625
77 	13    	0.509766	0.0101487 	0.492188	0.515625
78 	16    	0.509766	0.0101487 	0.492188	0.515625
79 	12    	0.512109	0.00836886	0.492188	0.515625
80 	16    	0.512109	0.00836886	0.492188	0.515625
81 	17    	0.50625 	0.011482  	0.492188	0.515625
82 	13    	0.509766	0.0101487 	0.492188	0.515625
83 	11    	0.512109	0.00836886	0.492188	0.515625
84 	12    	0.512109	0.00836886	0.492188	0.515625
85 	15    	0.513281	0.00703125	0.492188	0.515625
86 	7     	0.509766	0.0101487 	0.492188	0.515625
87 	11    	0.510938	0.009375  	0.492188	0.515625
88 	14    	0.512109	0.00836886	0.492188	0.515625
89 	13    	0.510938	0.009375  	0.492188	0.515625
90 	15    	0.507422	0.011179  	0.492188	0.515625
91 	15    	0.510938	0.009375  	0.492188	0.515625
92 	6     	0.509766	0.0101487 	0.492188	0.515625
93 	11    	0.510938	0.009375  	0.492188	0.515625
94 	14    	0.512109	0.00836886	0.492188	0.515625
95 	10    	0.513281	0.00703125	0.492188	0.515625
96 	12    	0.510938	0.009375  	0.492188	0.515625
97 	9     	0.512109	0.00836886	0.492188	0.515625
98 	10    	0.510938	0.009375  	0.492188	0.515625
99 	10    	0.513281	0.00703125	0.492188	0.515625
100	14    	0.510938	0.009375  	0.492188	0.515625
101	12    	0.512109	0.00836886	0.492188	0.515625
102	12    	0.510938	0.009375  	0.492188	0.515625
103	10    	0.513281	0.00703125	0.492188	0.515625
104	14    	0.510938	0.009375  	0.492188	0.515625
105	15    	0.508594	0.0107404 	0.492188	0.515625
106	12    	0.510938	0.009375  	0.492188	0.515625
107	16    	0.509766	0.0101487 	0.492188	0.515625
108	12    	0.507422	0.011179  	0.492188	0.515625
109	16    	0.509766	0.0101487 	0.492188	0.515625
110	14    	0.514453	0.00510808	0.492188	0.515625
111	13    	0.512109	0.00836886	0.492188	0.515625
112	14    	0.509766	0.0101487 	0.492188	0.515625
113	14    	0.512109	0.00836886	0.492188	0.515625
114	12    	0.510938	0.009375  	0.492188	0.515625
115	8     	0.508594	0.0107404 	0.492188	0.515625
116	12    	0.512109	0.00836886	0.492188	0.515625
117	12    	0.508594	0.0107404 	0.492188	0.515625
118	14    	0.509766	0.0101487 	0.492188	0.515625
119	12    	0.505078	0.01166   	0.492188	0.515625
120	12    	0.508594	0.0107404 	0.492188	0.515625
121	14    	0.509766	0.0101487 	0.492188	0.515625
122	13    	0.513281	0.00703125	0.492188	0.515625
123	7     	0.510938	0.009375  	0.492188	0.515625
124	10    	0.510938	0.009375  	0.492188	0.515625
125	11    	0.509766	0.0101487 	0.492188	0.515625
126	12    	0.50625 	0.011482  	0.492188	0.515625
127	13    	0.512109	0.00836886	0.492188	0.515625
128	8     	0.512109	0.00836886	0.492188	0.515625
129	12    	0.513281	0.00703125	0.492188	0.515625
130	16    	0.508594	0.0107404 	0.492188	0.515625
131	11    	0.509766	0.0101487 	0.492188	0.515625
132	14    	0.512109	0.00836886	0.492188	0.515625
133	12    	0.508594	0.0107404 	0.492188	0.515625
134	6     	0.510938	0.009375  	0.492188	0.515625
135	13    	0.50625 	0.011482  	0.492188	0.515625
136	12    	0.509766	0.0101487 	0.492188	0.515625
137	12    	0.513281	0.00703125	0.492188	0.515625
138	7     	0.512109	0.00836886	0.492188	0.515625
139	16    	0.509766	0.0101487 	0.492188	0.515625
140	7     	0.512109	0.00836886	0.492188	0.515625
141	14    	0.512109	0.00836886	0.492188	0.515625
142	12    	0.512109	0.00836886	0.492188	0.515625
143	8     	0.513281	0.00703125	0.492188	0.515625
144	17    	0.509766	0.0101487 	0.492188	0.515625
145	18    	0.509766	0.0101487 	0.492188	0.515625
146	13    	0.510938	0.009375  	0.492188	0.515625
147	12    	0.510938	0.009375  	0.492188	0.515625
148	10    	0.510938	0.009375  	0.492188	0.515625
149	13    	0.509766	0.0101487 	0.492188	0.515625
150	18    	0.510938	0.009375  	0.492188	0.515625
151	15    	0.512109	0.00836886	0.492188	0.515625
152	10    	0.508594	0.0107404 	0.492188	0.515625
153	9     	0.510938	0.009375  	0.492188	0.515625
154	11    	0.512109	0.00836886	0.492188	0.515625
155	15    	0.513281	0.00703125	0.492188	0.515625
156	12    	0.512109	0.00836886	0.492188	0.515625
157	16    	0.512109	0.00836886	0.492188	0.515625
158	8     	0.510938	0.009375  	0.492188	0.515625
159	14    	0.510938	0.009375  	0.492188	0.515625
160	10    	0.509766	0.0101487 	0.492188	0.515625
161	10    	0.509766	0.0101487 	0.492188	0.515625
162	13    	0.510938	0.009375  	0.492188	0.515625
163	10    	0.509766	0.0101487 	0.492188	0.515625
164	8     	0.513281	0.00703125	0.492188	0.515625
165	13    	0.512109	0.00836886	0.492188	0.515625
166	8     	0.515625	0         	0.515625	0.515625
167	9     	0.509766	0.0101487 	0.492188	0.515625
168	19    	0.509766	0.0101487 	0.492188	0.515625
169	14    	0.509766	0.0101487 	0.492188	0.515625
170	13    	0.509766	0.0101487 	0.492188	0.515625
171	14    	0.508594	0.0107404 	0.492188	0.515625
172	12    	0.512109	0.00836886	0.492188	0.515625
173	9     	0.514453	0.00510808	0.492188	0.515625
174	10    	0.514453	0.00510808	0.492188	0.515625
175	11    	0.513281	0.00703125	0.492188	0.515625
176	11    	0.509766	0.0101487 	0.492188	0.515625
177	11    	0.512109	0.00836886	0.492188	0.515625
178	10    	0.509766	0.0101487 	0.492188	0.515625
179	10    	0.509766	0.0101487 	0.492188	0.515625
180	12    	0.510938	0.009375  	0.492188	0.515625
181	16    	0.509766	0.0101487 	0.492188	0.515625
182	7     	0.512109	0.00836886	0.492188	0.515625
183	10    	0.512109	0.00836886	0.492188	0.515625
184	11    	0.512109	0.00836886	0.492188	0.515625
185	15    	0.508594	0.0107404 	0.492188	0.515625
186	13    	0.510938	0.009375  	0.492188	0.515625
187	13    	0.507422	0.011179  	0.492188	0.515625
188	12    	0.509766	0.0101487 	0.492188	0.515625
189	13    	0.512109	0.00836886	0.492188	0.515625
190	9     	0.508594	0.0107404 	0.492188	0.515625
191	9     	0.512109	0.00836886	0.492188	0.515625
192	11    	0.510938	0.009375  	0.492188	0.515625
193	11    	0.512109	0.00836886	0.492188	0.515625
194	14    	0.509766	0.0101487 	0.492188	0.515625
195	14    	0.507422	0.011179  	0.492188	0.515625
196	10    	0.510938	0.009375  	0.492188	0.515625
197	10    	0.508594	0.0107404 	0.492188	0.515625
198	17    	0.509766	0.0101487 	0.492188	0.515625
199	6     	0.514453	0.00510808	0.492188	0.515625
200	9     	0.512109	0.00836886	0.492188	0.515625
201	11    	0.510938	0.009375  	0.492188	0.515625
202	13    	0.510938	0.009375  	0.492188	0.515625
203	12    	0.510938	0.009375  	0.492188	0.515625
204	18    	0.509766	0.0101487 	0.492188	0.515625
205	9     	0.509766	0.0101487 	0.492188	0.515625
206	6     	0.510938	0.009375  	0.492188	0.515625
207	11    	0.509766	0.0101487 	0.492188	0.515625
208	14    	0.50625 	0.011482  	0.492188	0.515625
209	12    	0.507422	0.011179  	0.492188	0.515625
210	9     	0.509766	0.0101487 	0.492188	0.515625
211	8     	0.509766	0.0101487 	0.492188	0.515625
212	9     	0.509766	0.0101487 	0.492188	0.515625
213	14    	0.509766	0.0101487 	0.492188	0.515625
214	13    	0.512109	0.00836886	0.492188	0.515625
215	14    	0.509766	0.0101487 	0.492188	0.515625
216	15    	0.513281	0.00703125	0.492188	0.515625
217	10    	0.508594	0.0107404 	0.492188	0.515625
218	12    	0.509766	0.0101487 	0.492188	0.515625
219	10    	0.513281	0.00703125	0.492188	0.515625
220	12    	0.512109	0.00836886	0.492188	0.515625
221	9     	0.513281	0.00703125	0.492188	0.515625
222	16    	0.512109	0.00836886	0.492188	0.515625
223	15    	0.507422	0.011179  	0.492188	0.515625
224	13    	0.509766	0.0101487 	0.492188	0.515625
225	7     	0.513281	0.00703125	0.492188	0.515625
226	12    	0.512109	0.00836886	0.492188	0.515625
227	12    	0.510938	0.009375  	0.492188	0.515625
228	15    	0.512109	0.00836886	0.492188	0.515625
229	14    	0.513281	0.00703125	0.492188	0.515625
230	7     	0.512109	0.00836886	0.492188	0.515625
231	12    	0.512109	0.00836886	0.492188	0.515625
232	13    	0.514453	0.00510808	0.492188	0.515625
233	14    	0.508594	0.0107404 	0.492188	0.515625
234	15    	0.507422	0.011179  	0.492188	0.515625
235	8     	0.510938	0.009375  	0.492188	0.515625
236	15    	0.512109	0.00836886	0.492188	0.515625
237	15    	0.512109	0.00836886	0.492188	0.515625
238	14    	0.512109	0.00836886	0.492188	0.515625
239	19    	0.507422	0.011179  	0.492188	0.515625
240	11    	0.512109	0.00836886	0.492188	0.515625
241	13    	0.510938	0.009375  	0.492188	0.515625
242	12    	0.513281	0.00703125	0.492188	0.515625
243	9     	0.514453	0.00510808	0.492188	0.515625
244	14    	0.510938	0.009375  	0.492188	0.515625
245	11    	0.514453	0.00510808	0.492188	0.515625
246	8     	0.510938	0.009375  	0.492188	0.515625
247	11    	0.510938	0.009375  	0.492188	0.515625
248	8     	0.509766	0.0101487 	0.492188	0.515625
249	12    	0.514453	0.00510808	0.492188	0.515625
250	15    	0.508594	0.0107404 	0.492188	0.515625
251	16    	0.510938	0.009375  	0.492188	0.515625
252	9     	0.510938	0.009375  	0.492188	0.515625
253	15    	0.509766	0.0101487 	0.492188	0.515625
254	10    	0.510938	0.009375  	0.492188	0.515625
255	13    	0.508594	0.0107404 	0.492188	0.515625
256	7     	0.510938	0.009375  	0.492188	0.515625
257	14    	0.507422	0.011179  	0.492188	0.515625
258	9     	0.513281	0.00703125	0.492188	0.515625
259	12    	0.505078	0.01166   	0.492188	0.515625
260	14    	0.509766	0.0101487 	0.492188	0.515625
261	16    	0.505078	0.01166   	0.492188	0.515625
262	17    	0.510938	0.009375  	0.492188	0.515625
263	14    	0.510938	0.009375  	0.492188	0.515625
264	15    	0.510938	0.009375  	0.492188	0.515625
265	9     	0.513281	0.00703125	0.492188	0.515625
266	11    	0.513281	0.00703125	0.492188	0.515625
267	10    	0.512109	0.00836886	0.492188	0.515625
268	15    	0.509766	0.0101487 	0.492188	0.515625
269	14    	0.508594	0.0107404 	0.492188	0.515625
270	15    	0.512109	0.00836886	0.492188	0.515625
271	13    	0.512109	0.00836886	0.492188	0.515625
272	11    	0.508594	0.0107404 	0.492188	0.515625
273	12    	0.507422	0.011179  	0.492188	0.515625
274	11    	0.509766	0.0101487 	0.492188	0.515625
275	10    	0.512109	0.00836886	0.492188	0.515625
276	13    	0.509766	0.0101487 	0.492188	0.515625
277	13    	0.513281	0.00703125	0.492188	0.515625
278	12    	0.510938	0.009375  	0.492188	0.515625
279	11    	0.514453	0.00510808	0.492188	0.515625
280	11    	0.509766	0.0101487 	0.492188	0.515625
281	11    	0.513281	0.00703125	0.492188	0.515625
282	13    	0.508594	0.0107404 	0.492188	0.515625
283	10    	0.514453	0.00510808	0.492188	0.515625
284	13    	0.509766	0.0101487 	0.492188	0.515625
285	17    	0.510938	0.009375  	0.492188	0.515625
286	18    	0.510938	0.009375  	0.492188	0.515625
287	13    	0.510938	0.009375  	0.492188	0.515625
288	16    	0.512109	0.00836886	0.492188	0.515625
289	13    	0.510938	0.009375  	0.492188	0.515625
290	14    	0.512109	0.00836886	0.492188	0.515625
291	14    	0.512109	0.00836886	0.492188	0.515625
292	8     	0.513281	0.00703125	0.492188	0.515625
293	15    	0.507422	0.011179  	0.492188	0.515625
294	16    	0.510938	0.009375  	0.492188	0.515625
295	18    	0.512109	0.00836886	0.492188	0.515625
296	8     	0.512109	0.00836886	0.492188	0.515625
297	13    	0.507422	0.011179  	0.492188	0.515625
298	10    	0.512109	0.00836886	0.492188	0.515625
299	17    	0.513281	0.00703125	0.492188	0.515625
300	8     	0.515625	0         	0.515625	0.515625
301	13    	0.509766	0.0101487 	0.492188	0.515625
302	17    	0.507422	0.011179  	0.492188	0.515625
303	12    	0.512109	0.00836886	0.492188	0.515625
304	14    	0.510938	0.009375  	0.492188	0.515625
305	8     	0.513281	0.00703125	0.492188	0.515625
306	14    	0.509766	0.0101487 	0.492188	0.515625
307	8     	0.513281	0.00703125	0.492188	0.515625
308	12    	0.507422	0.011179  	0.492188	0.515625
309	16    	0.508594	0.0107404 	0.492188	0.515625
310	13    	0.50625 	0.011482  	0.492188	0.515625
311	15    	0.505078	0.01166   	0.492188	0.515625
312	11    	0.512109	0.00836886	0.492188	0.515625
313	7     	0.512109	0.00836886	0.492188	0.515625
314	13    	0.510938	0.009375  	0.492188	0.515625
315	11    	0.510938	0.009375  	0.492188	0.515625
316	9     	0.510938	0.009375  	0.492188	0.515625
317	13    	0.509766	0.0101487 	0.492188	0.515625
318	14    	0.510938	0.009375  	0.492188	0.515625
319	9     	0.509766	0.0101487 	0.492188	0.515625
320	6     	0.512109	0.00836886	0.492188	0.515625
321	15    	0.513281	0.00703125	0.492188	0.515625
322	11    	0.508594	0.0107404 	0.492188	0.515625
323	8     	0.510938	0.009375  	0.492188	0.515625
324	9     	0.510938	0.009375  	0.492188	0.515625
325	9     	0.512109	0.00836886	0.492188	0.515625
326	14    	0.510938	0.009375  	0.492188	0.515625
327	14    	0.512109	0.00836886	0.492188	0.515625
328	12    	0.513281	0.00703125	0.492188	0.515625
329	10    	0.505078	0.01166   	0.492188	0.515625
330	9     	0.514453	0.00510808	0.492188	0.515625
331	10    	0.510938	0.009375  	0.492188	0.515625
332	11    	0.513281	0.00703125	0.492188	0.515625
333	17    	0.510938	0.009375  	0.492188	0.515625
334	19    	0.507422	0.011179  	0.492188	0.515625
335	9     	0.507422	0.011179  	0.492188	0.515625
336	11    	0.508594	0.0107404 	0.492188	0.515625
337	12    	0.510938	0.009375  	0.492188	0.515625
338	10    	0.514453	0.00510808	0.492188	0.515625
339	12    	0.512109	0.00836886	0.492188	0.515625
340	12    	0.509766	0.0101487 	0.492188	0.515625
341	17    	0.510938	0.009375  	0.492188	0.515625
342	13    	0.509766	0.0101487 	0.492188	0.515625
343	7     	0.514453	0.00510808	0.492188	0.515625
344	17    	0.512109	0.00836886	0.492188	0.515625
345	10    	0.512109	0.00836886	0.492188	0.515625
346	14    	0.510938	0.009375  	0.492188	0.515625
347	10    	0.513281	0.00703125	0.492188	0.515625
348	12    	0.508594	0.0107404 	0.492188	0.515625
349	9     	0.510938	0.009375  	0.492188	0.515625
350	12    	0.512109	0.00836886	0.492188	0.515625
351	10    	0.507422	0.011179  	0.492188	0.515625
352	14    	0.510938	0.009375  	0.492188	0.515625
353	12    	0.509766	0.0101487 	0.492188	0.515625
354	12    	0.509766	0.0101487 	0.492188	0.515625
355	10    	0.512109	0.00836886	0.492188	0.515625
356	4     	0.514453	0.00510808	0.492188	0.515625
357	11    	0.512109	0.00836886	0.492188	0.515625
358	10    	0.510938	0.009375  	0.492188	0.515625
359	13    	0.509766	0.0101487 	0.492188	0.515625
360	11    	0.512109	0.00836886	0.492188	0.515625
361	8     	0.512109	0.00836886	0.492188	0.515625
362	13    	0.512109	0.00836886	0.492188	0.515625
363	6     	0.515625	0         	0.515625	0.515625
364	11    	0.513281	0.00703125	0.492188	0.515625
365	8     	0.512109	0.00836886	0.492188	0.515625
366	8     	0.513281	0.00703125	0.492188	0.515625
367	9     	0.507422	0.011179  	0.492188	0.515625
368	15    	0.50625 	0.011482  	0.492188	0.515625
369	8     	0.513281	0.00703125	0.492188	0.515625
370	10    	0.510938	0.009375  	0.492188	0.515625
371	15    	0.509766	0.0101487 	0.492188	0.515625
372	7     	0.513281	0.00703125	0.492188	0.515625
373	14    	0.50625 	0.011482  	0.492188	0.515625
374	12    	0.513281	0.00703125	0.492188	0.515625
375	11    	0.513281	0.00703125	0.492188	0.515625
376	15    	0.509766	0.0101487 	0.492188	0.515625
377	8     	0.510938	0.009375  	0.492188	0.515625
378	15    	0.508594	0.0107404 	0.492188	0.515625
379	14    	0.509766	0.0101487 	0.492188	0.515625
380	13    	0.510938	0.009375  	0.492188	0.515625
381	10    	0.513281	0.00703125	0.492188	0.515625
382	9     	0.513281	0.00703125	0.492188	0.515625
383	13    	0.513281	0.00703125	0.492188	0.515625
384	11    	0.508594	0.0107404 	0.492188	0.515625
385	13    	0.510938	0.009375  	0.492188	0.515625
386	14    	0.510938	0.009375  	0.492188	0.515625
387	8     	0.512109	0.00836886	0.492188	0.515625
388	11    	0.508594	0.0107404 	0.492188	0.515625
389	11    	0.514453	0.00510808	0.492188	0.515625
390	13    	0.509766	0.0101487 	0.492188	0.515625
391	17    	0.513281	0.00703125	0.492188	0.515625
392	11    	0.512109	0.00836886	0.492188	0.515625
393	11    	0.512109	0.00836886	0.492188	0.515625
394	15    	0.509766	0.0101487 	0.492188	0.515625
395	10    	0.513281	0.00703125	0.492188	0.515625
396	14    	0.507422	0.011179  	0.492188	0.515625
397	13    	0.510938	0.009375  	0.492188	0.515625
398	13    	0.510938	0.009375  	0.492188	0.515625
399	12    	0.509766	0.0101487 	0.492188	0.515625
400	15    	0.509766	0.0101487 	0.492188	0.515625
401	15    	0.508594	0.0107404 	0.492188	0.515625
402	12    	0.509766	0.0101487 	0.492188	0.515625
403	14    	0.50625 	0.011482  	0.492188	0.515625
404	11    	0.509766	0.0101487 	0.492188	0.515625
405	16    	0.513281	0.00703125	0.492188	0.515625
406	11    	0.513281	0.00703125	0.492188	0.515625
407	12    	0.508594	0.0107404 	0.492188	0.515625
408	15    	0.50625 	0.011482  	0.492188	0.515625
409	17    	0.509766	0.0101487 	0.492188	0.515625
410	8     	0.514453	0.00510808	0.492188	0.515625
411	12    	0.510938	0.009375  	0.492188	0.515625
412	5     	0.514453	0.00510808	0.492188	0.515625
413	18    	0.509766	0.0101487 	0.492188	0.515625
414	12    	0.507422	0.011179  	0.492188	0.515625
415	12    	0.510938	0.009375  	0.492188	0.515625
416	9     	0.512109	0.00836886	0.492188	0.515625
417	10    	0.512109	0.00836886	0.492188	0.515625
418	10    	0.510938	0.009375  	0.492188	0.515625
419	9     	0.510938	0.009375  	0.492188	0.515625
420	13    	0.510938	0.009375  	0.492188	0.515625
421	10    	0.510938	0.009375  	0.492188	0.515625
422	10    	0.512109	0.00836886	0.492188	0.515625
423	12    	0.508594	0.0107404 	0.492188	0.515625
424	11    	0.513281	0.00703125	0.492188	0.515625
425	11    	0.509766	0.0101487 	0.492188	0.515625
426	10    	0.510938	0.009375  	0.492188	0.515625
427	8     	0.512109	0.00836886	0.492188	0.515625
428	7     	0.514453	0.00510808	0.492188	0.515625
429	14    	0.50625 	0.011482  	0.492188	0.515625
430	11    	0.514453	0.00510808	0.492188	0.515625
431	11    	0.512109	0.00836886	0.492188	0.515625
432	11    	0.512109	0.00836886	0.492188	0.515625
433	12    	0.512109	0.00836886	0.492188	0.515625
434	7     	0.513281	0.00703125	0.492188	0.515625
435	11    	0.514453	0.00510808	0.492188	0.515625
436	15    	0.513281	0.00703125	0.492188	0.515625
437	9     	0.509766	0.0101487 	0.492188	0.515625
438	17    	0.508594	0.0107404 	0.492188	0.515625
439	12    	0.512109	0.00836886	0.492188	0.515625
440	8     	0.510938	0.009375  	0.492188	0.515625
441	11    	0.513281	0.00703125	0.492188	0.515625
442	8     	0.509766	0.0101487 	0.492188	0.515625
443	10    	0.509766	0.0101487 	0.492188	0.515625
444	11    	0.509766	0.0101487 	0.492188	0.515625
445	9     	0.510938	0.009375  	0.492188	0.515625
446	13    	0.508594	0.0107404 	0.492188	0.515625
447	13    	0.513281	0.00703125	0.492188	0.515625
448	16    	0.512109	0.00836886	0.492188	0.515625
449	8     	0.508594	0.0107404 	0.492188	0.515625
450	8     	0.513281	0.00703125	0.492188	0.515625
451	11    	0.510938	0.009375  	0.492188	0.515625
452	14    	0.509766	0.0101487 	0.492188	0.515625
453	13    	0.512109	0.00836886	0.492188	0.515625
454	12    	0.513281	0.00703125	0.492188	0.515625
455	15    	0.507422	0.011179  	0.492188	0.515625
456	13    	0.507422	0.011179  	0.492188	0.515625
457	10    	0.510938	0.009375  	0.492188	0.515625
458	11    	0.510938	0.009375  	0.492188	0.515625
459	15    	0.512109	0.00836886	0.492188	0.515625
460	14    	0.508594	0.0107404 	0.492188	0.515625
461	16    	0.510938	0.009375  	0.492188	0.515625
462	16    	0.510938	0.009375  	0.492188	0.515625
463	9     	0.512109	0.00836886	0.492188	0.515625
464	13    	0.512109	0.00836886	0.492188	0.515625
465	17    	0.513281	0.00703125	0.492188	0.515625
466	14    	0.50625 	0.011482  	0.492188	0.515625
467	12    	0.512109	0.00836886	0.492188	0.515625
468	9     	0.512109	0.00836886	0.492188	0.515625
469	16    	0.50625 	0.011482  	0.492188	0.515625
470	12    	0.510938	0.009375  	0.492188	0.515625
471	15    	0.508594	0.0107404 	0.492188	0.515625
472	18    	0.513281	0.00703125	0.492188	0.515625
473	9     	0.513281	0.00703125	0.492188	0.515625
474	14    	0.510938	0.009375  	0.492188	0.515625
475	15    	0.510938	0.009375  	0.492188	0.515625
476	18    	0.512109	0.00836886	0.492188	0.515625
477	16    	0.510938	0.009375  	0.492188	0.515625
478	10    	0.514453	0.00510808	0.492188	0.515625
479	12    	0.508594	0.0107404 	0.492188	0.515625
480	12    	0.508594	0.0107404 	0.492188	0.515625
481	12    	0.513281	0.00703125	0.492188	0.515625
482	12    	0.508594	0.0107404 	0.492188	0.515625
483	15    	0.512109	0.00836886	0.492188	0.515625
484	10    	0.510938	0.009375  	0.492188	0.515625
485	15    	0.510938	0.009375  	0.492188	0.515625
486	16    	0.510938	0.009375  	0.492188	0.515625
487	12    	0.507422	0.011179  	0.492188	0.515625
488	12    	0.513281	0.00703125	0.492188	0.515625
489	9     	0.509766	0.0101487 	0.492188	0.515625
490	14    	0.513281	0.00703125	0.492188	0.515625
491	13    	0.507422	0.011179  	0.492188	0.515625
492	10    	0.508594	0.0107404 	0.492188	0.515625
493	12    	0.508594	0.0107404 	0.492188	0.515625
494	9     	0.513281	0.00703125	0.492188	0.515625
495	12    	0.508594	0.0107404 	0.492188	0.515625
496	10    	0.508594	0.0107404 	0.492188	0.515625
497	17    	0.507422	0.011179  	0.492188	0.515625
498	11    	0.512109	0.00836886	0.492188	0.515625
499	12    	0.514453	0.00510808	0.492188	0.515625
500	18    	0.514453	0.00510808	0.492188	0.515625
501	13    	0.510938	0.009375  	0.492188	0.515625
502	10    	0.512109	0.00836886	0.492188	0.515625
503	12    	0.509766	0.0101487 	0.492188	0.515625
504	8     	0.512109	0.00836886	0.492188	0.515625
505	14    	0.513281	0.00703125	0.492188	0.515625
506	18    	0.509766	0.0101487 	0.492188	0.515625
507	16    	0.508594	0.0107404 	0.492188	0.515625
508	11    	0.510938	0.009375  	0.492188	0.515625
509	9     	0.513281	0.00703125	0.492188	0.515625
510	15    	0.513281	0.00703125	0.492188	0.515625
511	15    	0.509766	0.0101487 	0.492188	0.515625
512	13    	0.512109	0.00836886	0.492188	0.515625
513	16    	0.509766	0.0101487 	0.492188	0.515625
514	13    	0.512109	0.00836886	0.492188	0.515625
515	14    	0.508594	0.0107404 	0.492188	0.515625
516	9     	0.514453	0.00510808	0.492188	0.515625
517	13    	0.510938	0.009375  	0.492188	0.515625
518	15    	0.509766	0.0101487 	0.492188	0.515625
519	16    	0.510938	0.009375  	0.492188	0.515625
520	17    	0.50625 	0.011482  	0.492188	0.515625
521	10    	0.509766	0.0101487 	0.492188	0.515625
522	11    	0.510938	0.009375  	0.492188	0.515625
523	12    	0.509766	0.0101487 	0.492188	0.515625
524	12    	0.512109	0.00836886	0.492188	0.515625
525	12    	0.508594	0.0107404 	0.492188	0.515625
526	12    	0.510938	0.009375  	0.492188	0.515625
527	11    	0.509766	0.0101487 	0.492188	0.515625
528	12    	0.509766	0.0101487 	0.492188	0.515625
529	9     	0.513281	0.00703125	0.492188	0.515625
530	10    	0.510938	0.009375  	0.492188	0.515625
531	12    	0.509766	0.0101487 	0.492188	0.515625
532	15    	0.510938	0.009375  	0.492188	0.515625
533	9     	0.510938	0.009375  	0.492188	0.515625
534	13    	0.510938	0.009375  	0.492188	0.515625
535	13    	0.508594	0.0107404 	0.492188	0.515625
536	11    	0.510938	0.009375  	0.492188	0.515625
537	9     	0.512109	0.00836886	0.492188	0.515625
538	10    	0.509766	0.0101487 	0.492188	0.515625
539	8     	0.513281	0.00703125	0.492188	0.515625
540	11    	0.510938	0.009375  	0.492188	0.515625
541	15    	0.510938	0.009375  	0.492188	0.515625
542	13    	0.513281	0.00703125	0.492188	0.515625
543	11    	0.512109	0.00836886	0.492188	0.515625
544	8     	0.512109	0.00836886	0.492188	0.515625
545	11    	0.513281	0.00703125	0.492188	0.515625
546	12    	0.509766	0.0101487 	0.492188	0.515625
547	15    	0.512109	0.00836886	0.492188	0.515625
548	14    	0.50625 	0.011482  	0.492188	0.515625
549	14    	0.509766	0.0101487 	0.492188	0.515625
550	14    	0.510938	0.009375  	0.492188	0.515625
551	17    	0.512109	0.00836886	0.492188	0.515625
552	12    	0.509766	0.0101487 	0.492188	0.515625
553	14    	0.512109	0.00836886	0.492188	0.515625
554	10    	0.512109	0.00836886	0.492188	0.515625
555	11    	0.512109	0.00836886	0.492188	0.515625
556	16    	0.512109	0.00836886	0.492188	0.515625
557	13    	0.509766	0.0101487 	0.492188	0.515625
558	12    	0.507422	0.011179  	0.492188	0.515625
559	12    	0.510938	0.009375  	0.492188	0.515625
560	14    	0.509766	0.0101487 	0.492188	0.515625
561	16    	0.512109	0.00836886	0.492188	0.515625
562	8     	0.510938	0.009375  	0.492188	0.515625
563	12    	0.510938	0.009375  	0.492188	0.515625
564	14    	0.509766	0.0101487 	0.492188	0.515625
565	14    	0.508594	0.0107404 	0.492188	0.515625
566	16    	0.510938	0.009375  	0.492188	0.515625
567	17    	0.510938	0.009375  	0.492188	0.515625
568	11    	0.510938	0.009375  	0.492188	0.515625
569	11    	0.512109	0.00836886	0.492188	0.515625
570	13    	0.510938	0.009375  	0.492188	0.515625
571	15    	0.50625 	0.011482  	0.492188	0.515625
572	16    	0.50625 	0.011482  	0.492188	0.515625
573	13    	0.508594	0.0107404 	0.492188	0.515625
574	15    	0.509766	0.0101487 	0.492188	0.515625
575	11    	0.512109	0.00836886	0.492188	0.515625
576	14    	0.512109	0.00836886	0.492188	0.515625
577	5     	0.509766	0.0101487 	0.492188	0.515625
578	17    	0.507422	0.011179  	0.492188	0.515625
579	12    	0.513281	0.00703125	0.492188	0.515625
580	14    	0.510938	0.009375  	0.492188	0.515625
581	11    	0.512109	0.00836886	0.492188	0.515625
582	14    	0.508594	0.0107404 	0.492188	0.515625
583	14    	0.509766	0.0101487 	0.492188	0.515625
584	11    	0.512109	0.00836886	0.492188	0.515625
585	11    	0.508594	0.0107404 	0.492188	0.515625
586	14    	0.510938	0.009375  	0.492188	0.515625
587	11    	0.50625 	0.011482  	0.492188	0.515625
588	16    	0.508594	0.0107404 	0.492188	0.515625
589	10    	0.507422	0.011179  	0.492188	0.515625
590	17    	0.512109	0.00836886	0.492188	0.515625
591	12    	0.514453	0.00510808	0.492188	0.515625
592	15    	0.509766	0.0101487 	0.492188	0.515625
593	15    	0.512109	0.00836886	0.492188	0.515625
594	16    	0.508594	0.0107404 	0.492188	0.515625
595	10    	0.509766	0.0101487 	0.492188	0.515625
596	13    	0.509766	0.0101487 	0.492188	0.515625
597	12    	0.510938	0.009375  	0.492188	0.515625
598	13    	0.507422	0.011179  	0.492188	0.515625
599	16    	0.509766	0.0101487 	0.492188	0.515625
600	16    	0.513281	0.00703125	0.492188	0.515625
[<deap.creator.Individual object at 0x7f3a08c28490>, <deap.creator.Individual object at 0x7f3a09e78f50>, <deap.creator.Individual object at 0x7f3a08c22c90>, <deap.creator.Individual object at 0x7f3a08c22910>, <deap.creator.Individual object at 0x7f3a08c225d0>, <deap.creator.Individual object at 0x7f3a09104b10>, <deap.creator.Individual object at 0x7f3a0859abd0>, <deap.creator.Individual object at 0x7f3a0859a610>, <deap.creator.Individual object at 0x7f3a0859a3d0>, <deap.creator.Individual object at 0x7f3a0859a510>, <deap.creator.Individual object at 0x7f3a0859a090>, <deap.creator.Individual object at 0x7f3a08595b50>, <deap.creator.Individual object at 0x7f3a08595790>, <deap.creator.Individual object at 0x7f3a08595ad0>, <deap.creator.Individual object at 0x7f3a08595410>, <deap.creator.Individual object at 0x7f3a085952d0>, <deap.creator.Individual object at 0x7f3a08595190>, <deap.creator.Individual object at 0x7f3a0858ecd0>, <deap.creator.Individual object at 0x7f3a0858e9d0>, <deap.creator.Individual object at 0x7f3a0858e810>] <deap.tools.support.Statistics object at 0x7f3bba17dd10> [<deap.creator.Individual object at 0x7f3b64389b90>]
